0 0.0 20.666666666666668
0 3.9018064403225647 19.61570560806461
0 8.674157800275369 20.941269403589168
0 11.481784815738445 17.18370532091927
0 13.906433363335436 13.906433363335436
0 18.569488008090175 12.407735204104451
0 16.93779142937359 7.0158629266933135
0 24.519632010080763 4.877258050403208
0 25.666666666666668 1.5716300589057701e-15
0 21.904204595672145 -4.357017191693529
0 24.328827689463882 -10.07733038561403
0 19.123801082958543 -12.778115359450846
0 18.38477631085024 -18.384776310850235
0 14.259635980836457 -21.341053382431998
0 9.694646953248943 -23.404948156952596
0 5.072348372419344 -25.50041729048399
0 2.5309367182378633e-15 -20.666666666666668
0 -3.4465956889516014 -17.327206620457073
0 -6.122934917841435 -14.78207252018059
0 -7.222413029254826 -10.80910495993309
0 -12.020815280171307 -12.02081528017131
0 -14.41213994657745 -9.629884039006438
0 -17.245751273544016 -7.14342407081502
0 -14.384850779247378 -2.86132472290322
0 -12.666666666666666 -2.326828918379971e-15
0 -11.769423364838765 2.3410838641935396
0 -9.854715013453724 4.081956611894293
0 -9.700478810196364 6.481652718562021
0 -8.956685895029604 8.956685895029599
0 -7.59279318460123 11.363418034801452
0 -5.485129197232962 13.24227329932844
0 -3.511625796290317 17.654135047258144
50 0.0 19.333333333333332
50 3.9018064403225647 19.61570560806461
50 7.781229791423492 18.785550494396162
50 12.037355048758048 18.015174933221815
50 14.377837884126466 14.377837884126466
50 18.292331470655995 12.22254512643125
50 23.404948156952596 9.694646953248942
50 25.827345717285066 5.137378479758046
50 27.0 1.6532731788489269e-15
50 24.846560436881838 -4.942288157741914
50 22.78902846861174 -9.439524665005546
50 20.23242723269527 -13.518875670143647
50 15.792051446499562 -15.79205144649956
50 15.18558636920246 -22.726836069602903
50 10.20489152973573 -24.636787533634315
50 5.397498909112891 -27.135059424489377
50 2.775866078067334e-15 -22.666666666666668
50 -3.706716118306439 -18.634920327661376
50 -6.505618350206524 -15.705952052691876
50 -8.51874357296723 -12.749200721972365
50 -11.785113019775793 -11.785113019775796
50 -14.689296484011633 -9.81507411667964
50 -15.397992208521442 -6.378057206084839
50 -15.692564486451685 -3.1214451522580586
50 -13.0 -2.3880612583373385e-15
50 -11.769423364838765 2.3410838641935396
50 -9.546755169283296 3.954395467772597
50 -8.869009197893817 5.92608248554242
50 -8.01387685344754 8.013876853447536
50 -7.037222951581628 10.531948422498905
50 -5.740251485476356 13.858192987669298
50 -3.3815655816128976 17.00027819365599
100 0.0 19.333333333333332
100 4.161926869677402 20.923419315268916
100 7.9087909355451895 19.093510338566595
100 12.407735204104448 18.569488008090175
100 14.613540144521984 14.613540144521984
100 17.73801839578763 11.852164971084848
100 21.557189091930024 8.929280088518762
100 25.50041729048399 5.072348372419337
100 28.0 1.7145055188062944e-15
100 25.827345717285066 -5.137378479758042
100 22.17310878027088 -9.184402376762154
100 19.678114157826908 -13.148495514797247
100 15.320646925708532 -15.320646925708528
100 15.18558636920246 -22.726836069602903
100 9.949769241492337 -24.020867845293456
100 5.462529016451601 -27.461987851290452
100 2.8166876380389124e-15 -23.0
100 -3.836776332983858 -19.288777181263534
100 -6.378057206084828 -15.39799220852145
100 -8.33355349529403 -12.472044184538182
100 -11.549410759380274 -11.549410759380278
100 -14.41213994657745 -9.629884039006438
100 -15.70595205269187 -6.505618350206536
100 -16.34642134005384 -3.251505366935478
100 -13.666666666666666 -2.5105259382520737e-15
100 -11.769423364838765 2.3410838641935396
100 -9.854715013453724 4.081956611894293
100 -8.869009197893817 5.92608248554242
100 -8.01387685344754 8.013876853447536
100 -6.666842796235226 9.977635347630542
100 -5.230006908989568 12.626353610987582
100 -3.1214451522580595 15.692564486451685
